POLYGON (
    (
        -12332387.4287171 4831314.93248906, 
        -12331848.8133684 4831310.20132770, 
        -12331839.4757782 4830228.14951537, 
        -12330798.0266160 4830246.69318787, 
        -12330795.1139415 4830509.81471403, 
        -12329723.8582065 4830494.22708597, 
        -12329725.3295162 4827057.57067029, 
        -12330770.8371643 4827015.12513626, 
        -12331782.8520060 4826974.87881395, 
        -12332378.5100221 4826986.85060179, 
        -12332907.8634779 4826999.17154016, 
        -12333408.7448588 4827010.14675461, 
        -12333891.9345670 4827028.32546623, 
        -12333900.0633388 4828092.81700665, 
        -12333395.6857467 4828101.39682858, 
        -12333391.2265105 4828633.73632052, 
        -12332880.3854861 4828629.29091034, 
        -12332911.6026996 4830238.37273375, 
        -12332379.2537476 4830232.47487780, 
        -12332387.4287171 4831314.93248906
    )
)